0 0 0 0
0 1 0 0
0 2 0 0
0 3 0 0
0 4 0 0
0 5 0 0
0 6 0 0
0 7 0 0
0 8 0 0
0 9 0 0
0 10 0 0
0 11 0 0
0 12 0 0
0 13 0 0
0 14 0 0
0 15 0 0
0 16 0 0
0 17 0 0
0 18 0 0
0 19 0 0
0 20 0 0
0 21 0 0
0 22 0 0
0 23 0 0
0 24 0 0
0 25 0 0
0 26 0 0
0 27 0 0
0 28 0 0
0 29 0 0
0 30 0 0
0 31 0 0
0 32 0 0
0 33 0 0
0 34 0 0
0 35 0 0
0 36 0 0
0 37 0 0
0 38 0 0
0 39 0 0
0 40 0 0
0 41 0 0
0 42 0 0
0 43 0 0
0 44 0 0
0 45 0 0
0 46 0 0
0 47 0 0
0 48 0 0
0 49 0.5 0
1 0 0 0
1 1 5.71087e-06 -1.05314e-05
1 2 -1.71643e-05 -8.63522e-06
1 3 -5.95096e-05 4.57112e-05
1 4 -0.000109997 0.000170488
1 5 -0.000162901 0.00037227
1 6 -0.000215409 0.000652149
1 7 -0.000266306 0.00100861
1 8 -0.000314919 0.00143867
1 9 -0.000360861 0.00193879
1 10 -0.000403935 0.00250495
1 11 -0.000443876 0.00313267
1 12 -0.000480333 0.00381714
1 13 -0.00051306 0.00455311
1 14 -0.000541663 0.00533477
1 15 -0.000565788 0.00615584
1 16 -0.000585096 0.00700955
1 17 -0.000599297 0.00788851
1 18 -0.00060802 0.00878499
1 19 -0.00061122 0.00969092
1 20 -0.000608744 0.010598
1 21 -0.000600675 0.0114979
1 22 -0.000587223 0.0123826
1 23 -0.000568938 0.0132445
1 24 -0.000546321 0.0140767
1 25 -0.0005203 0.0148735
1 26 -0.000491977 0.0156305
1 27 -0.000462728 0.0163453
1 28 -0.00043435 0.0170176
1 29 -0.00040889 0.0176499
1 30 -0.000388879 0.0182482
1 31 -0.000377528 0.0188226
1 32 -0.000378737 0.019388
1 33 -0.000397416 0.019966
1 34 -0.000439944 0.0205862
1 35 -0.000514796 0.0212885
1 36 -0.000633169 0.0221268
1 37 -0.000810279 0.0231735
1 38 -0.00106679 0.0245258
1 39 -0.00143112 0.0263142
1 40 -0.00194233 0.0287146
1 41 -0.00265432 0.0319638
1 42 -0.00364189 0.0363788
1 43 -0.00500616 0.0423798
1 44 -0.00686892 0.0505003
1 45 -0.00927418 0.0613149
1 46 -0.0115976 0.074922
1 47 -0.00770505 0.08865
1 48 0.0239979 0.0803573
1 49 0.5 0
2 0 0 0
2 1 2.72132e-06 9.78261e-06
2 2 -7.60201e-05 6.3723e-05
2 3 -0.000207422 0.000214225
2 4 -0.000361713 0.00048735
2 5 -0.000523468 0.000894705
2 6 -0.000684761 0.00143952
2 7 -0.00084161 0.00212037
2 8 -0.000991868 0.00293306
2 9 -0.00113426 0.00387184
2 10 -0.00126786 0.00492982
2 11 -0.00139182 0.00609925
2 12 -0.00150518 0.00737145
2 13 -0.00160694 0.00873703
2 14 -0.00169604 0.0101856
2 15 -0.00177136 0.0117058
2 16 -0.00183183 0.0132856
2 17 -0.00187652 0.0149117
2 18 -0.00190453 0.0165705
2 19 -0.00191539 0.0182474
2 20 -0.00190887 0.0199278
2 21 -0.00188517 0.0215968
2 22 -0.00184497 0.0232402
2 23 -0.00178958 0.0248442
2 24 -0.00172086 0.0263964
2 25 -0.00164146 0.0278864
2 26 -0.00155471 0.0293062
2 27 -0.00146483 0.0306506
2 28 -0.00137709 0.0319188
2 29 -0.00129776 0.0331143
2 30 -0.00123449 0.0342466
2 31 -0.00119677 0.0353319
2 32 -0.00119611 0.036395
2 33 -0.00124702 0.037471
2 34 -0.001368 0.0386078
2 35 -0.00158297 0.0398692
2 36 -0.00192317 0.041339
2 37 -0.00242975 0.043126
2 38 -0.00315684 0.0453703
2 39 -0.00417526 0.0482484
2 40 -0.00557591 0.0519778
2 41 -0.00747123 0.0568129
2 42 -0.00998828 0.063019
2 43 -0.0132308 0.0707881
2 44 -0.0171293 0.079992
2 45 -0.0208657 0.08948
2 46 -0.020509 0.0950809
2 47 -0.000731468 0.0838923
2 48 0.124963 0.0179608
2 49 0.5 0
3 0 0 0
3 1 -4.75682e-05 4.81158e-05
3 2 -0.000224112 0.000182716
3 3 -0.000488371 0.000455284
3 4 -0.000793794 0.000890598
3 5 -0.00111422 0.00150147
3 6 -0.0014352 0.00229229
3 7 -0.00174866 0.00326207
3 8 -0.00205 0.00440622
3 9 -0.00233626 0.00571787
3 10 -0.00260532 0.00718835
3 11 -0.00285523 0.00880768
3 12 -0.00308402 0.0105646
3 13 -0.0032896 0.0124467
3 14 -0.00346987 0.0144402
3 15 -0.0036226 0.0165304
3 16 -0.0037457 0.018701
3 17 -0.00383721 0.0209349
3 18 -0.00389556 0.0232139
3 19 -0.00391966 0.0255189
3 20 -0.00390909 0.0278306
3 21 -0.00386418 0.0301293
3 22 -0.00378624 0.0323959
3 23 -0.00367766 0.0346122
3 24 -0.00354209 0.0367613
3 25 -0.0033845 0.0388288
3 26 -0.00321142 0.0408032
3 27 -0.00303103 0.0426766
3 28 -0.00285333 0.0444462
3 29 -0.00269047 0.0461145
3 30 -0.00255718 0.0476913
3 31 -0.00247128 0.0491943
3 32 -0.00245445 0.0506513
3 33 -0.00253345 0.0521014
3 34 -0.00274167 0.0535975
3 35 -0.00312106 0.0552086
3 36 -0.00372457 0.0570223
3 37 -0.00461879 0.059147
3 38 -0.00588613 0.061712
3 39 -0.00762473 0.0648639
3 40 -0.0099426 0.0687522
3 41 -0.0129362 0.0734932
3 42 -0.0166297 0.0790857
3 43 -0.0208097 0.0852233
3 44 -0.0245702 0.0908872
3 45 -0.025003 0.0934822
3 46 -0.013361 0.0871366
3 47 0.0384915 0.0600851
3 48 0.190543 0.00946669
3 49 0.5 0
4 0 0 0
4 1 -0.000159496 9.14484e-05
4 2 -0.000479499 0.000314403
4 3 -0.000914533 0.000715813
4 4 -0.00140711 0.00131371
4 5 -0.00192232 0.00211851
4 6 -0.00243938 0.00313396
4 7 -0.0029458 0.00435887
4 8 -0.00343395 0.00578839
4 9 -0.00389873 0.00741491
4 10 -0.00433629 0.00922869
4 11 -0.00474321 0.0112185
4 12 -0.00511618 0.0133713
4 13 -0.00545177 0.0156727
4 14 -0.00574651 0.0181068
4 15 -0.00599679 0.0206564
4 16 -0.00619927 0.0233025
4 17 -0.00635082 0.0260252
4 18 -0.0064489 0.0288031
4 19 -0.00649168 0.031614
4 20 -0.00647835 0.0344349
4 21 -0.00640937 0.0372429
4 22 -0.00628662 0.040015
4 23 -0.00611375 0.0427294
4 24 -0.00589627 0.0453655
4 25 -0.00564188 0.0479051
4 26 -0.00536052 0.0503334
4 27 -0.00506482 0.0526391
4 28 -0.00477014 0.0548162
4 29 -0.00449518 0.0568645
4 30 -0.00426232 0.058791
4 31 -0.00409833 0.0606109
4 32 -0.00403544 0.0623488
4 33 -0.00411257 0.0640402
4 34 -0.00437695 0.0657326
4 35 -0.00488591 0.0674861
4 36 -0.00570871 0.0693737
4 37 -0.00692726 0.0714792
4 38 -0.00863402 0.0738913
4 39 -0.0109231 0.0766895
4 40 -0.0138659 0.0799148
4 41 -0.0174532 0.0835115
4 42 -0.0214612 0.0872137
4 43 -0.0251437 0.0903335
4 44 -0.0265092 0.0913813
4 45 -0.0205798 0.0874441
4 46 0.0049394 0.0734708
4 47 0.0775863 0.0441029
4 48 0.23419 0.00481297
4 49 0.5 0
5 0 0 0
5 1 -0.00033435 0.000133004
5 2 -0.000843801 0.000440829
5 3 -0.00148422 0.000965629
5 4 -0.00219321 0.00171653
5 5 -0.00293017 0.00269922
5 6 -0.00366934 0.00391525
5 7 -0.00439428 0.00536232
5 8 -0.00509432 0.00703484
5 9 -0.005762 0.00892474
5 10 -0.00639148 0.0110217
5 11 -0.00697766 0.0133135
5 12 -0.00751563 0.0157863
5 13 -0.00800038 0.0184245
5 14 -0.00842683 0.0212109
5 15 -0.00878991 0.0241267
5 16 -0.00908474 0.0271512
5 17 -0.00930681 0.0302626
5 18 -0.0094524 0.0334375
5 19 -0.0095188 0.0366512
5 20 -0.00950464 0.0398783
5 21 -0.00941029 0.0430931
5 22 -0.00923811 0.0462698
5 23 -0.00899288 0.0493833
5 24 -0.00868197 0.0524098
5 25 -0.00831558 0.0553276
5 26 -0.00790723 0.0581182
5 27 -0.00747388 0.0607665
5 28 -0.0070363 0.0632624
5 29 -0.00661952 0.0656012
5 30 -0.00625327 0.067785
5 31 -0.00597283 0.0698232
5 32 -0.00581977 0.0717335
5 33 -0.00584324 0.0735423
5 34 -0.00610107 0.0752848
5 35 -0.00666074 0.0770043
5 36 -0.00759942 0.0787497
5 37 -0.0090012 0.0805699
5 38 -0.0109487 0.0825036
5 39 -0.0135021 0.0845583
5 40 -0.0166536 0.0866742
5 41 -0.0202305 0.0886588
5 42 -0.0236952 0.0900753
5 43 -0.0257292 0.0900585
5 44 -0.0233624 0.0870416
5 45 -0.0101525 0.0784531
5 46 0.0272277 0.0609227
5 47 0.111724 0.0330507
5 48 0.265502 0.00215765
5 49 0.5 0
6 0 0 0
6 1 -0.000566842 0.000169847
6 2 -0.00130904 0.000553323
6 3 -0.00218651 0.00118898
6 4 -0.00313661 0.00207687
6 5 -0.00411619 0.00321697
6 6 -0.00509627 0.00460744
6 7 -0.00605746 0.00624418
6 8 -0.00698642 0.00812051
6 9 -0.00787351 0.0102278
6 10 -0.00871088 0.0125552
6 11 -0.00949167 0.0150902
6 12 -0.0102092 0.0178185
6 13 -0.0108567 0.0207238
6 14 -0.0114275 0.0237884
6 15 -0.0119148 0.0269926
6 16 -0.0123118 0.0303147
6 17 -0.0126127 0.0337318
6 18 -0.0128122 0.0372189
6 19 -0.0129066 0.0407498
6 20 -0.0128936 0.0442972
6 21 -0.0127733 0.047833
6 22 -0.0125484 0.0513291
6 23 -0.0122244 0.0547574
6 24 -0.0118102 0.0580912
6 25 -0.0113185 0.0613053
6 26 -0.0107659 0.0643772
6 27 -0.0101733 0.0672877
6 28 -0.00956662 0.0700217
6 29 -0.00897644 0.0725693
6 30 -0.00843906 0.074926
6 31 -0.0079969 0.0770937
6 32 -0.00769913 0.0790806
6 33 -0.0076023 0.0809013
6 34 -0.00777085 0.0825759
6 35 -0.00827663 0.0841277
6 36 -0.00919645 0.0855791
6 37 -0.0106052 0.0869441
6 38 -0.0125601 0.0882153
6 39 -0.0150681 0.089341
6 40 -0.018019 0.090188
6 41 -0.0210568 0.0904805
6 42 -0.0233297 0.0897044
6 43 -0.0230122 0.0869702
6 44 -0.0164015 0.0808548
6 45 0.00368895 0.0693714
6 46 0.0500642 0.0506346
6 47 0.140783 0.0253463
6 48 0.28909 0.000459254
6 49 0.5 0
7 0 0 0
7 1 -0.000849007 0.000200734
7 2 -0.00186256 0.000648333
7 3 -0.00300528 0.00137891
7 4 -0.00421751 0.00238431
7 5 -0.00545618 0.00365867
7 6 -0.00669091 0.00519642
7 7 -0.00790046 0.00699109
7 8 -0.00906959 0.00903471
7 9 -0.0101868 0.0113179
7 10 -0.0112425 0.0138295
7 11 -0.012228 0.0165568
7 12 -0.013135 0.0194854
7 13 -0.0139549 0.0225991
7 14 -0.0146791 0.0258799
7 15 -0.0152989 0.0293078
7 16 -0.0158059 0.0328608
7 17 -0.0161921 0.036515
7 18 -0.0164509 0.0402447
7 19 -0.0165769 0.0440224
7 20 -0.016567 0.0478192
7 21 -0.0164205 0.0516053
7 22 -0.0161399 0.05535
7 23 -0.0157313 0.0590228
7 24 -0.0152048 0.0625939
7 25 -0.014575 0.0660345
7 26 -0.0138612 0.0693181
7 27 -0.013088 0.0724211
7 28 -0.0122851 0.0753232
7 29 -0.0114883 0.0780082
7 30 -0.0107392 0.0804648
7 31 -0.0100859 0.0826864
7 32 -0.00958284 0.084671
7 33 -0.00929149 0.0864207
7 34 -0.00927905 0.0879401
7 35 -0.00961673 0.0892332
7 36 -0.0103747 0.0902983
7 37 -0.0116106 0.0911197
7 38 -0.0133475 0.091654
7 39 -0.0155294 0.0918083
7 40 -0.0179383 0.0914053
7 41 -0.0200401 0.0901314
7 42 -0.020704 0.0874621
7 43 -0.0177031 0.0825712
7 44 -0.00686701 0.0742736
7 45 0.019169 0.0611748
7 46 0.0719897 0.0424689
7 47 0.165555 0.0198257
7 48 0.307559 -0.000693521
7 49 0.5 0
8 0 0 0
8 1 -0.00117218 0.000225578
8 2 -0.0024898 0.000725258
8 3 -0.00392196 0.00153367
8 4 -0.00541396 0.0026357
8 5 -0.00692463 0.0040202
8 6 -0.00842391 0.00567785
8 7 -0.00988987 0.00759968
8 8 -0.0113063 0.0097763
8 9 -0.0126601 0.0121975
8 10 -0.0139406 0.0148521
8 11 -0.0151374 0.0177273
8 12 -0.0162404 0.020809
8 13 -0.0172393 0.0240811
8 14 -0.0181235 0.027526
8 15 -0.0188823 0.0311237
8 16 -0.0195053 0.0348522
8 17 -0.0199824 0.0386874
8 18 -0.020305 0.0426027
8 19 -0.020466 0.0465698
8 20 -0.0204608 0.0505584
8 21 -0.0202876 0.0545369
8 22 -0.0199486 0.0584726
8 23 -0.0194498 0.0623322
8 24 -0.0188021 0.0660827
8 25 -0.0180215 0.0696921
8 26 -0.0171295 0.0731295
8 27 -0.0161534 0.0763666
8 28 -0.0151268 0.0793778
8 29 -0.0140891 0.0821409
8 30 -0.0130863 0.0846372
8 31 -0.0121705 0.0868519
8 32 -0.0114 0.0887731
8 33 -0.0108384 0.0903912
8 34 -0.0105528 0.0916967
8 35 -0.0106104 0.092677
8 36 -0.0110705 0.0933109
8 37 -0.0119694 0.0935603
8 38 -0.013292 0.0933573
8 39 -0.0149185 0.092584
8 40 -0.0165276 0.091043
8 41 -0.0174258 0.0884149
8 42 -0.0162521 0.0842043
8 43 -0.01049 0.0776909
8 44 0.0042703 0.0679465
8 45 0.0352049 0.0540808
8 46 0.0924888 0.0359984
8 47 0.186868 0.0157451
8 48 0.322485 -0.00153002
8 49 0.5 0
9 0 0 0
9 1 -0.00152782 0.0002448
9 2 -0.00317607 0.000784956
9 3 -0.00491748 0.00165427
9 4 -0.00670337 0.00283207
9 5 -0.00849593 0.00430263
9 6 -0.0102666 0.00605319
9 7 -0.0119941 0.00807245
9 8 -0.0136617 0.0103498
9 9 -0.0152559 0.0128742
9 10 -0.0167647 0.0156345
9 11 -0.0181766 0.0186181
9 12 -0.01948 0.0218114
9 13 -0.0206627 0.025199
9 14 -0.021712 0.0287637
9 15 -0.0226152 0.032486
9 16 -0.0233593 0.0363441
9 17 -0.0239322 0.0403137
9 18 -0.0243227 0.044368
9 19 -0.0245218 0.0484778
9 20 -0.0245228 0.0526115
9 21 -0.0243228 0.0567358
9 22 -0.0239225 0.0608158
9 23 -0.0233278 0.0648157
9 24 -0.0225499 0.0686992
9 25 -0.0216055 0.0724305
9 26 -0.020518 0.0759747
9 27 -0.0193169 0.0792988
9 28 -0.0180384 0.0823718
9 29 -0.0167252 0.0851655
9 30 -0.0154266 0.0876546
9 31 -0.0141977 0.0898162
9 32 -0.0130989 0.0916299
9 33 -0.0121943 0.0930758
9 34 -0.011549 0.0941328
9 35 -0.011224 0.0947753
9 36 -0.0112656 0.0949676
9 37 -0.0116877 0.0946567
9 38 -0.0124371 0.0937598
9 39 -0.0133333 0.0921476
9 40 -0.0139623 0.0896189
9 41 -0.013495 0.0858684
9 42 -0.0103911 0.0804506
9 43 -0.00194538 0.0727644
9 44 0.0163176 0.0621202
9 45 0.0511823 0.0480201
9 46 0.111459 0.030811
9 47 0.205418 0.0126228
9 48 0.334861 -0.00218837
9 49 0.5 0
10 0 0 0
10 1 -0.00190797 0.000258859
10 2 -0.0039072 0.00082878
10 3 -0.00597307 0.00174297
10 4 -0.00806347 0.00297635
10 5 -0.0101448 0.00450949
10 6 -0.0121912 0.00632676
10 7 -0.0141827 0.00841493
10 8 -0.0161032 0.0107622
10 9 -0.0179392 0.0133573
10 10 -0.0196782 0.0161888
10 11 -0.0213075 0.0192451
10 12 -0.0228142 0.0225131
10 13 -0.0241842 0.0259784
10 14 -0.025403 0.0296244
10 15 -0.0264553 0.0334324
10 16 -0.0273256 0.0373811
10 17 -0.027999 0.0414464
10 18 -0.0284617 0.0456011
10 19 -0.0287021 0.0498153
10 20 -0.0287113 0.0540564
10 21 -0.028484 0.0582891
10 22 -0.0280199 0.0624764
10 23 -0.0273238 0.0665795
10 24 -0.0264065 0.0705591
10 25 -0.0252854 0.0743756
10 26 -0.0239849 0.0779899
10 27 -0.0225363 0.0813642
10 28 -0.020978 0.0844624
10 29 -0.0193554 0.0872509
10 30 -0.0177201 0.0896979
10 31 -0.0161294 0.091774
10 32 -0.0146449 0.0934511
10 33 -0.0133302 0.0947011
10 34 -0.0122475 0.0954942
10 35 -0.0114504 0.0957951
10 36 -0.0109723 0.095559
10 37 -0.0108045 0.0947236
10 38 -0.0108584 0.0931995
10 39 -0.0108989 0.090855
10 40 -0.0104312 0.0874961
10 41 -0.00851562 0.0828423
10 42 -0.00347983 0.0765062
10 43 0.00748711 0.0680035
10 44 0.0288049 0.056849
10 45 0.0667725 0.0428359
10 46 0.128969 0.0265748
10 47 0.221751 0.010143
10 48 0.345343 -0.00275559
10 49 0.5 0
11 0 0 0
11 1 -0.00230552 0.000268374
11 2 -0.00467013 0.000858247
11 3 -0.00707097 0.0018022
11 4 -0.00947272 0.00307192
11 5 -0.0118468 0.00464503
11 6 -0.0141707 0.00650366
11 7 -0.0164266 0.0086331
11 8 -0.0186 0.0110208
11 9 -0.0206778 0.0136554
11 10 -0.0226472 0.016526
11 11 -0.0244952 0.0196217
11 12 -0.0262072 0.0229305
11 13 -0.0277679 0.026439
11 14 -0.0291602 0.0301319
11 15 -0.0303663 0.0339915
11 16 -0.031368 0.0379971
11 17 -0.0321471 0.0421248
11 18 -0.0326869 0.0463474
11 19 -0.0329725 0.0506344
11 20 -0.0329921 0.0549518
11 21 -0.0327381 0.0592627
11 22 -0.0322079 0.0635277
11 23 -0.031405 0.0677052
11 24 -0.0303395 0.0717524
11 25 -0.0290289 0.0756259
11 26 -0.0274981 0.0792824
11 27 -0.0257799 0.0826796
11 28 -0.0239146 0.0857765
11 29 -0.0219496 0.0885342
11 30 -0.0199387 0.0909156
11 31 -0.0179408 0.0928855
11 32 -0.0160182 0.0944097
11 33 -0.0142337 0.0954541
11 34 -0.012646 0.0959824
11 35 -0.0113017 0.0959535
11 36 -0.0102215 0.0953168
11 37 -0.00937626 0.0940063
11 38 -0.00864518 0.0919311
11 39 -0.00774513 0.0889637
11 40 -0.00611332 0.0849233
11 41 -0.00272252 0.0795591
11 42 0.00419057 0.072543
11 43 0.0174776 0.0634965
11 44 0.0414241 0.0521017
11 45 0.0818139 0.0383622
11 46 0.145147 0.023038
11 47 0.236289 0.00809544
11 48 0.354376 -0.0032873
11 49 0.5 0
12 0 0 0
12 1 -0.00271396 0.000273678
12 2 -0.00545271 0.000874516
12 3 -0.00819433 0.00183417
12 4 -0.0109105 0.00312185
12 5 -0.0135781 0.00471305
12 6 -0.0161788 0.00658836
12 7 -0.0186977 0.00873217
12 8 -0.0211222 0.0111316
12 9 -0.0234403 0.0137756
12 10 -0.0256397 0.0166542
12 11 -0.0277068 0.0197575
12 12 -0.0296261 0.0230749
12 13 -0.0313804 0.0265946
12 14 -0.0329506 0.0303027
12 15 -0.0343159 0.0341826
12 16 -0.0354548 0.0382146
12 17 -0.0363459 0.0423753
12 18 -0.0369685 0.0466376
12 19 -0.0373041 0.0509702
12 20 -0.0373375 0.0553381
12 21 -0.037058 0.0597025
12 22 -0.0364604 0.0640216
12 23 -0.0355461 0.0682508
12 24 -0.0343242 0.0723438
12 25 -0.0328117 0.0762535
12 26 -0.031034 0.0799322
12 27 -0.0290249 0.0833331
12 28 -0.0268264 0.0864108
12 29 -0.0244879 0.0891214
12 30 -0.022065 0.0914233
12 31 -0.0196183 0.0932766
12 32 -0.0172108 0.0946425
12 33 -0.0149044 0.0954825
12 34 -0.0127548 0.0957564
12 35 -0.010802 0.0954196
12 36 -0.00905537 0.0944194
12 37 -0.00746731 0.0926893
12 38 -0.00588883 0.0901412
12 39 -0.00399541 0.0866551
12 40 -0.0011681 0.0820664
12 41 0.00368726 0.0761557
12 42 0.0123909 0.0686506
12 43 0.0277865 0.0592651
12 44 0.0539777 0.0478144
12 45 0.096239 0.0344512
12 46 0.160136 0.0200139
12 47 0.249356 0.00633837
12 48 0.36227 -0.00381901
12 49 0.5 0
13 0 0 0
13 1 -0.00312741 0.000275105
13 2 -0.00624358 0.000878472
13 3 -0.00932717 0.00184038
13 4 -0.012357 0.00312829
13 5 -0.0153159 0.00471629
13 6 -0.01819 0.00658404
13 7 -0.0209682 0.00871563
13 8 -0.0236404 0.0110984
13 9 -0.0261964 0.0137222
13 10 -0.0286244 0.0165781
13 11 -0.0309108 0.0196579
13 12 -0.0330392 0.0229528
13 13 -0.0349907 0.0264528
13 14 -0.0367436 0.0301455
13 15 -0.0382743 0.0340162
13 16 -0.0395575 0.0380461
13 17 -0.0405677 0.0422128
13 18 -0.0412803 0.046489
13 19 -0.0416722 0.0508432
13 20 -0.0417242 0.0552391
13 21 -0.0414218 0.0596363
13 22 -0.0407566 0.0639902
13 23 -0.0397276 0.0682533
13 24 -0.0383421 0.0723758
13 25 -0.0366165 0.0763065
13 26 -0.0345763 0.0799935
13 27 -0.0322564 0.0833859
13 28 -0.0297002 0.0864338
13 29 -0.0269593 0.089089
13 30 -0.0240913 0.091306
13 31 -0.0211585 0.093041
13 32 -0.018225 0.094252
13 33 -0.0153524 0.0948977
13 34 -0.0125937 0.0949357
13 35 -0.00998368 0.0943203
13 36 -0.00752169 0.092999
13 37 -0.00514412 0.0909073
13 38 -0.00267739 0.087962
13 39 0.000238054 0.0840528
13 40 0.00426677 0.0790325
13 41 0.0105521 0.072712
13 42 0.0209438 0.0648694
13 43 0.0382422 0.055297
13 44 0.0663423 0.0439147
13 45 0.110033 0.0309796
13 46 0.174071 0.0173648
13 47 0.261202 0.0047749
13 48 0.369247 -0.00437316
13 49 0.5 0
14 0 0 0
14 1 -0.00354035 0.000272818
14 2 -0.00703204 0.000870563
14 3 -0.010454 0.00182167
14 4 -0.0137927 0.00309239
14 5 -0.0170371 0.00465612
14 6 -0.0201788 0.00649222
14 7 -0.0232107 0.00858508
14 8 -0.0261258 0.0109229
14 9 -0.0289159 0.0134967
14 10 -0.0315706 0.0162994
14 11 -0.0340762 0.0193247
14 12 -0.0364156 0.022566
14 13 -0.0385681 0.0260154
14 14 -0.0405095 0.0296628
14 15 -0.0422127 0.0334952
14 16 -0.0436486 0.0374954
14 17 -0.044787 0.0416418
14 18 -0.0455983 0.0459077
14 19 -0.0460547 0.0502611
14 20 -0.0461319 0.0546647
14 21 -0.045811 0.0590761
14 22 -0.0450798 0.0634485
14 23 -0.0439342 0.0677312
14 24 -0.0423797 0.0718707
14 25 -0.0404313 0.0758117
14 26 -0.0381147 0.0794985
14 27 -0.0354658 0.0828757
14 28 -0.0325297 0.0858892
14 29 -0.0293601 0.0884874
14 30 -0.0260172 0.0906209
14 31 -0.0225656 0.0922433
14 32 -0.0190708 0.0933101
14 33 -0.0155949 0.0937787
14 34 -0.0121893 0.0936058
14 35 -0.00888431 0.0927463
14 36 -0.00567113 0.0911493
14 37 -0.00247226 0.088754
14 38 0.000906866 0.0854835
14 39 0.00485537 0.0812379
14 40 0.0100742 0.0758871
14 41 0.017741 0.0692701
14 42 0.0297129 0.0612097
14 43 0.0487221 0.0515636
14 44 0.0784423 0.0403333
14 45 0.123206 0.0278482
14 46 0.187072 0.0149897
14 47 0.272021 0.00333846
14 48 0.375468 -0.0049633
14 49 0.5 0
15 0 0 0
15 1 -0.00394731 0.000266884
15 2 -0.00780735 0.000850918
15 3 -0.0115596 0.00177821
15 4 -0.0151983 0.00301437
15 5 -0.0187193 0.00453268
15 6 -0.0221198 0.00631296
15 7 -0.0253975 0.00834041
15 8 -0.028549 0.0106046
15 9 -0.0315685 0.0130985
15 10 -0.0344471 0.015817
15 11 -0.0371716 0.0187564
15 12 -0.039724 0.0219125
15 13 -0.042082 0.0252802
15 14 -0.0442186 0.0288519
15 15 -0.0461029 0.0326167
15 16 -0.0477013 0.0365593
15 17 -0.0489785 0.0406594
15 18 -0.0498993 0.0448908
15 19 -0.0504303 0.0492213
15 20 -0.0505415 0.053613
15 21 -0.0502089 0.0580215
15 22 -0.0494156 0.0623976
15 23 -0.048154 0.0666875
15 24 -0.0464269 0.0708341
15 25 -0.0442483 0.0747783
15 26 -0.0416437 0.0784599
15 27 -0.03865 0.0818196
15 28 -0.0353143 0.0847995
15 29 -0.031693 0.0873443
15 30 -0.0278494 0.0894019
15 31 -0.0238508 0.0909233
15 32 -0.0197651 0.0918629
15 33 -0.0156556 0.0921771
15 34 -0.0115732 0.0918234
15 35 -0.00754512 0.090758
15 36 -0.00355566 0.0889326
15 37 0.00048444 0.0862912
15 38 0.00478777 0.0827634
15 39 0.00976809 0.0782597
15 40 0.0161548 0.0726662
15 41 0.0251471 0.0658473
15 42 0.0385929 0.0576646
15 43 0.0591386 0.0480299
15 44 0.0902323 0.0370081
15 45 0.135784 0.0249781
15 46 0.199244 0.0128138
15 47 0.281962 0.00198293
15 48 0.381056 -0.00559715
15 49 0.5 0
16 0 0 0
16 1 -0.00434268 0.000257235
16 2 -0.00855879 0.000819346
16 3 -0.0126284 0.00170955
16 4 -0.0165543 0.0028936
16 5 -0.0203395 0.00434523
16 6 -0.0239874 0.00604524
16 7 -0.0275008 0.00798027
16 8 -0.0308803 0.0101419
16 9 -0.0341234 0.0125253
16 10 -0.0372225 0.0151281
16 11 -0.0401651 0.0179494
16 12 -0.0429328 0.0209881
16 13 -0.0455013 0.0242421
16 14 -0.0478405 0.0277068
16 15 -0.0499156 0.0313737
16 16 -0.051688 0.0352299
16 17 -0.0531167 0.0392566
16 18 -0.0541601 0.0434285
16 19 -0.0547782 0.0477138
16 20 -0.0549348 0.0520734
16 21 -0.0545997 0.0564619
16 22 -0.0537508 0.0608274
16 23 -0.0523764 0.0651133
16 24 -0.0504762 0.0692588
16 25 -0.0480627 0.0732008
16 26 -0.0451613 0.0768752
16 27 -0.04181 0.0802186
16 28 -0.0380584 0.0831694
16 29 -0.033966 0.0856691
16 30 -0.0295998 0.0876629
16 31 -0.0250308 0.0891003
16 32 -0.0203301 0.0899345
16 33 -0.015563 0.0901223
16 34 -0.0107812 0.0896218
16 35 -0.00600977 0.0883916
16 36 -0.00122756 0.0863869
16 37 0.00366463 0.0835558
16 38 0.00889491 0.0798351
16 39 0.0148975 0.0751448
16 40 0.0224233 0.0693859
16 41 0.0326831 0.0624451
16 42 0.0475016 0.0542176
16 43 0.069428 0.0446595
16 44 0.101686 0.0338853
16 45 0.147795 0.0223071
16 46 0.210672 0.010782
16 47 0.291143 0.0006765
16 48 0.386101 -0.00627808
16 49 0.5 0
17 0 0 0
17 1 -0.00472087 0.000243656
17 2 -0.00927548 0.000775386
17 3 -0.0136451 0.00161509
17 4 -0.0178411 0.00272914
17 5 -0.0218745 0.00409247
17 6 -0.0257554 0.00568744
17 7 -0.0294922 0.00750275
17 8 -0.0330899 0.00953235
17 9 -0.0365491 0.0117742
17 10 -0.0398644 0.0142292
17 11 -0.0430242 0.0168996
17 12 -0.0460093 0.0197878
17 13 -0.0487935 0.022895
17 14 -0.0513436 0.02622
17 15 -0.0536206 0.0297575
17 16 -0.0555801 0.0334969
17 17 -0.0571747 0.0374215
17 18 -0.058356 0.0415075
17 19 -0.0590764 0.0457233
17 20 -0.0592926 0.0500299
17 21 -0.0589673 0.0543801
17 22 -0.0580726 0.0587202
17 23 -0.0565918 0.0629906
17 24 -0.0545213 0.0671272
17 25 -0.0518716 0.0710629
17 26 -0.048668 0.0747297
17 27 -0.04495 0.0780604
17 28 -0.04077 0.0809896
17 29 -0.0361913 0.083456
17 30 -0.0312851 0.0854024
17 31 -0.0261271 0.0867768
17 32 -0.0207926 0.0875321
17 33 -0.0153501 0.0876251
17 34 -0.0098526 0.0870158
17 35 -0.00432432 0.0856647
17 36 0.00126015 0.0835305
17 37 0.00700855 0.0805661
17 38 0.0131622 0.0767141
17 39 0.0201723 0.0719035
17 40 0.0288055 0.0660483
17 41 0.0402751 0.059055
17 42 0.0563728 0.0508471
17 43 0.0795421 0.0414177
17 44 0.112787 0.0309192
17 45 0.159266 0.0197861
17 46 0.221428 0.00885356
17 47 0.299657 -0.000602425
17 48 0.390674 -0.00700644
17 49 0.5 0
18 0 0 0
18 1 -0.00507597 0.00022608
18 2 -0.00994617 0.000718601
18 3 -0.0145935 0.00149397
18 4 -0.0190387 0.00251991
18 5 -0.0233011 0.00377309
18 6 -0.0273978 0.00523808
18 7 -0.0313432 0.00690613
18 8 -0.0351471 0.00877409
18 9 -0.0388138 0.0108432
18 10 -0.0423401 0.0131177
18 11 -0.0457152 0.0156037
18 12 -0.0489196 0.0183072
18 13 -0.0519251 0.0212335
18 14 -0.0546951 0.0243848
18 15 -0.0571858 0.0277592
18 16 -0.0593469 0.0313495
18 17 -0.0611239 0.0351413
18 18 -0.0624606 0.0391126
18 19 -0.0633012 0.0432327
18 20 -0.0635941 0.0474626
18 21 -0.0632944 0.0517545
18 22 -0.0623672 0.0560528
18 23 -0.0607903 0.0602953
18 24 -0.0585561 0.0644145
18 25 -0.055673 0.06834
18 26 -0.0521661 0.0719998
18 27 -0.0480766 0.0753227
18 28 -0.0434601 0.0782401
18 29 -0.0383842 0.0806878
18 30 -0.0329256 0.0826065
18 31 -0.0271653 0.0839428
18 32 -0.0211836 0.0846491
18 33 -0.0150532 0.084683
18 34 -0.00882953 0.0840057
18 35 -0.00253665 0.0825801
18 36 0.00385407 0.080368
18 37 0.0104578 0.0773262
18 38 0.0175271 0.0734029
18 39 0.0255271 0.0685346
18 40 0.035235 0.0626465
18 41 0.0478598 0.0556624
18 42 0.0651515 0.0475298
18 43 0.0894434 0.0382721
18 44 0.123526 0.0280718
18 45 0.170224 0.0173769
18 46 0.231571 0.00699857
18 47 0.307576 -0.00186808
18 48 0.39483 -0.00778013
18 49 0.5 0
19 0 0 0
19 1 -0.00540185 0.000204246
19 2 -0.0105593 0.000648579
19 3 -0.0154574 0.00134559
19 4 -0.020127 0.00226514
19 5 -0.0245956 0.00338632
19 6 -0.0288882 0.00469646
19 7 -0.0330252 0.00618988
19 8 -0.0370216 0.00786671
19 9 -0.0408855 0.00973175
19 10 -0.0446162 0.011793
19 11 -0.0482041 0.0140605
19 12 -0.0516291 0.0165446
19 13 -0.0548612 0.0192544
19 14 -0.0578602 0.0221964
19 15 -0.0605772 0.0253725
19 16 -0.0629555 0.0287789
19 17 -0.064933 0.0324044
19 18 -0.0664448 0.0362293
19 19 -0.0674262 0.0402244
19 20 -0.0678163 0.0443514
19 21 -0.0675614 0.0485621
19 22 -0.0666191 0.0527996
19 23 -0.0649606 0.0569996
19 24 -0.0625739 0.0610919
19 25 -0.059465 0.0650023
19 26 -0.0556587 0.0686554
19 27 -0.0511979 0.0719764
19 28 -0.0461418 0.0748934
19 29 -0.0405634 0.0773391
19 30 -0.0345451 0.0792522
19 31 -0.0281744 0.0805782
19 32 -0.0215377 0.0812691
19 33 -0.0147124 0.0812826
19 34 -0.00775717 0.0805814
19 35 -0.000696871 0.0791301
19 36 0.00649978 0.076893
19 37 0.0139543 0.0738304
19 38 0.021929 0.0698947
19 39 0.0309001 0.0650288
19 40 0.0416511 0.0591675
19 41 0.0553806 0.0522492
19 42 0.0737903 0.0442419
19 43 0.0990999 0.0351941
19 44 0.133893 0.0253113
19 45 0.180688 0.0150499
19 46 0.241147 0.00519557
19 47 0.314958 -0.0031289
19 48 0.398613 -0.00859508
19 49 0.5 0
20 0 0 0
20 1 -0.00569222 0.000178125
20 2 -0.0111031 0.000565108
20 3 -0.0162207 0.00116974
20 4 -0.0210857 0.00196478
20 5 -0.0257349 0.00293247
20 6 -0.0302006 0.00406338
20 7 -0.0345098 0.00535533
20 8 -0.038683 0.00681208
20 9 -0.0427321 0.00844218
20 10 -0.0466593 0.0102577
20 11 -0.050456 0.0122727
20 12 -0.0541022 0.0145019
20 13 -0.0575655 0.0169588
20 14 -0.0608024 0.0196543
20 15 -0.0637585 0.0225946
20 16 -0.0663704 0.0257799
20 17 -0.0685678 0.0292027
20 18 -0.0702764 0.032846
20 19 -0.0714216 0.0366833
20 20 -0.0719324 0.0406772
20 21 -0.0717457 0.0447802
20 22 -0.0708099 0.0489348
20 23 -0.0690893 0.0530749
20 24 -0.0665665 0.057128
20 25 -0.0632449 0.061017
20 26 -0.0591485 0.064663
20 27 -0.0543223 0.0679877
20 28 -0.0488297 0.0709162
20 29 -0.0427491 0.0733782
20 30 -0.0361699 0.0753103
20 31 -0.0291865 0.0766565
20 32 -0.0218923 0.0773681
20 33 -0.0143703 0.0774031
20 34 -0.0066832 0.0767246
20 35 0.00114305 0.0752988
20 36 0.00914176 0.0730916
20 37 0.0174399 0.0700655
20 38 0.0263084 0.0661763
20 39 0.0362319 0.0613718
20 40 0.0479967 0.0555949
20 41 0.0627851 0.0487961
20 42 0.0822458 0.0409608
20 43 0.108483 0.0321582
20 44 0.143881 0.0226121
20 45 0.190674 0.0127824
20 46 0.250192 0.00342968
20 47 0.321846 -0.00438891
20 48 0.402057 -0.00944541
20 49 0.5 0
21 0 0 0
21 1 -0.00594067 0.000147734
21 2 -0.0115659 0.00046834
21 3 -0.0168671 0.000966843
21 4 -0.0218954 0.0016198
21 5 -0.0266963 0.00241331
21 6 -0.0313098 0.0033417
21 7 -0.0357697 0.00440654
21 8 -0.0401018 0.00561537
21 9 -0.0443223 0.00698072
21 10 -0.0484362 0.00851865
21 11 -0.0524365 0.0102475
21 12 -0.0563026 0.0121863
21 13 -0.0600007 0.0143532
21 14 -0.0634834 0.0167637
21 15 -0.0666911 0.0194288
21 16 -0.0695531 0.022353
21 17 -0.0719905 0.0255331
21 18 -0.0739192 0.0289561
21 19 -0.0752538 0.0325983
21 20 -0.0759122 0.0364248
21 21 -0.0758206 0.0403891
21 22 -0.0749178 0.0444341
21 23 -0.0731598 0.0484931
21 24 -0.0705233 0.0524917
21 25 -0.0670081 0.0563503
21 26 -0.0626377 0.0599871
21 27 -0.0574589 0.0633206
21 28 -0.0515393 0.0662725
21 29 -0.0449636 0.0687699
21 30 -0.0378285 0.0707469
21 31 -0.0302364 0.0721459
21 32 -0.022288 0.072917
21 33 -0.014073 0.0730178
21 34 -0.00565817 0.0724115
21 35 0.00292885 0.0710647
21 36 0.0117229 0.068944
21 37 0.0208559 0.0660132
21 38 0.0306061 0.0622299
21 39 0.0414645 0.0575457
21 40 0.0542163 0.0519097
21 41 0.0700235 0.0452828
21 42 0.0904769 0.0376649
21 43 0.117565 0.0291425
21 44 0.15348 0.0199532
21 45 0.200191 0.0105578
21 46 0.258732 0.00169143
21 47 0.328274 -0.00564822
21 48 0.405192 -0.0103234
21 49 0.5 0
22 0 0 0
22 1 -0.00614101 0.000113167
22 2 -0.0119364 0.000358714
22 3 -0.0173815 0.000738084
22 4 -0.0225375 0.00123255
22 5 -0.0274584 0.00183265
22 6 -0.0321922 0.00253686
22 7 -0.036779 0.00335073
22 8 -0.0412501 0.00428573
22 9 -0.045626 0.00535817
22 10 -0.0499148 0.00658809
22 11 -0.0541109 0.00799807
22 12 -0.058194 0.00961142
22 13 -0.0621284 0.0114509
22 14 -0.0658634 0.0135369
22 15 -0.0693338 0.0158854
22 16 -0.072462 0.0185059
22 17 -0.0751597 0.0214001
22 18 -0.0773327 0.0245596
22 19 -0.0788842 0.0279649
22 20 -0.0797201 0.0315843
22 21 -0.0797547 0.0353739
22 22 -0.0789162 0.0392778
22 23 -0.0771515 0.0432296
22 24 -0.0744301 0.047154
22 25 -0.0707477 0.0509698
22 26 -0.0661267 0.0545925
22 27 -0.0606154 0.0579379
22 28 -0.054286 0.0609246
22 29 -0.0472296 0.0634766
22 30 -0.0395509 0.0655255
22 31 -0.0313607 0.0670114
22 32 -0.0227678 0.0678829
22 33 -0.0138687 0.0680963
22 34 -0.0047348 0.067614
22 35 0.00460418 0.066402
22 36 0.0141845 0.0644265
22 37 0.0241423 0.0616512
22 38 0.0347622 0.0580345
22 39 0.0465394 0.05353
22 40 0.0602551 0.0480919
22 41 0.0770462 0.0416892
22 42 0.0984424 0.0343344
22 43 0.126316 0.026128
22 44 0.162675 0.0173182
22 45 0.209243 0.00836408
22 46 0.266786 -2.40151e-05
22 47 0.334269 -0.00690383
22 48 0.40804 -0.0112198
22 49 0.5 0
23 0 0 0
23 1 -0.00628733 7.48225e-05
23 2 -0.0122039 0.000237312
23 3 -0.0177496 0.000485696
23 4 -0.0229948 0.00080693
23 5 -0.028002 0.00119651
23 6 -0.0328262 0.00165735
23 7 -0.037514 0.00219901
23 8 -0.042102 0.00283678
23 9 -0.0466151 0.00359062
23 10 -0.0510644 0.00448436
23 11 -0.0554462 0.00554443
23 12 -0.0597404 0.00679829
23 13 -0.0639102 0.00827328
23 14 -0.0679013 0.00999462
23 15 -0.0716437 0.0119835
23 16 -0.0750524 0.0142551
23 17 -0.0780302 0.0168166
23 18 -0.0804721 0.0196652
23 19 -0.0822693 0.0227867
23 20 -0.0833151 0.0261539
23 21 -0.0835111 0.0297266
23 22 -0.0827735 0.0334518
23 23 -0.0810386 0.0372646
23 24 -0.0782684 0.04109
23 25 -0.0744531 0.0448459
23 26 -0.0696131 0.0484462
23 27 -0.0637982 0.0518039
23 28 -0.0570847 0.0548348
23 29 -0.0495705 0.0574599
23 30 -0.0413683 0.0596078
23 31 -0.0325979 0.0612158
23 32 -0.0233766 0.06223
23 33 -0.0138079 0.0626047
23 34 -0.00396836 0.0623003
23 35 0.00611038 0.061281
23 36 0.0164656 0.0595114
23 37 0.0272375 0.0569537
23 38 0.0387156 0.0535657
23 39 0.0513977 0.0493019
23 40 0.0660573 0.0441198
23 41 0.0838031 0.0379952
23 42 0.1061 0.0309507
23 43 0.134705 0.0230983
23 44 0.17145 0.0146943
23 45 0.217828 0.00619383
23 46 0.274365 -0.00171758
23 47 0.339848 -0.00814953
23 48 0.41062 -0.0121232
23 49 0.5 0
24 0 0 0
24 1 -0.00637425 3.31439e-05
24 2 -0.0123591 0.000105683
24 3 -0.0179589 0.000212986
24 4 -0.0232526 0.000348574
24 5 -0.0283101 0.00051339
24 6 -0.0331931 0.000714855
24 7 -0.037954 0.000966467
24 8 -0.0426346 0.00128705
24 9 -0.047264 0.00169995
24 10 -0.0518566 0.00223227
24 11 -0.0564107 0.00291383
24 12 -0.0609069 0.00377602
24 13 -0.0653073 0.00485039
24 14 -0.0695552 0.00616692
24 15 -0.0735756 0.0077523
24 16 -0.0772768 0.00962766
24 17 -0.0805527 0.0118065
24 18 -0.0832875 0.0142924
24 19 -0.0853601 0.0170777
24 20 -0.0866504 0.0201414
24 21 -0.0870464 0.0234486
24 22 -0.0864512 0.0269507
24 23 -0.0847896 0.0305859
24 24 -0.0820141 0.0342809
24 25 -0.0781087 0.0379541
24 26 -0.0730907 0.0415184
24 27 -0.0670106 0.044885
24 28 -0.0599484 0.0479669
24 29 -0.0520084 0.0506818
24 30 -0.0433118 0.0529549
24 31 -0.0339872 0.05472
24 32 -0.0241607 0.05592
24 33 -0.013943 0.056506
24 34 -0.00341592 0.0564352
24 35 0.00738686 0.0556685
24 36 0.0185036 0.0541674
24 37 0.030078 0.0518915
24 38 0.0424036 0.0487965
24 39 0.0559784 0.0448363
24 40 0.0715656 0.0399705
24 41 0.0902419 0.0341801
24 42 0.113406 0.027496
24 43 0.142698 0.0200394
24 44 0.179782 0.0120719
24 45 0.225938 0.00404308
24 46 0.281473 -0.0033865
24 47 0.345024 -0.0093762
24 48 0.41295 -0.0130202
24 49 0.5 0
25 0 0 0
25 1 -0.00639723 -1.1228e-05
25 2 -0.0123941 -3.40752e-05
25 3 -0.0179995 -7.55563e-05
25 4 -0.0232992 -0.00013499
25 5 -0.0283695 -0.000205703
25 6 -0.0332779 -0.00027564
25 7 -0.0380823 -0.000327675
25 8 -0.0428289 -0.000339881
25 9 -0.0475511 -0.000286097
25 10 -0.0522664 -0.000136597
25 11 -0.0569756 0.000141315
25 12 -0.0616604 0.000582349
25 13 -0.0662825 0.00122185
25 14 -0.0707832 0.00209445
25 15 -0.0750834 0.00323219
25 16 -0.0790852 0.00466243
25 17 -0.0826743 0.00640566
25 18 -0.0857242 0.00847307
25 19 -0.0881014 0.0108647
25 20 -0.0896722 0.0135672
25 21 -0.09031 0.0165531
25 22 -0.0899038 0.0197799
25 23 -0.0883654 0.0231909
25 24 -0.0856365 0.0267164
25 25 -0.081693 0.0302768
25 26 -0.0765483 0.0337853
25 27 -0.070252 0.0371517
25 28 -0.0628871 0.0402867
25 29 -0.054564 0.0431048
25 30 -0.0454116 0.0455272
25 31 -0.0355678 0.0474836
25 32 -0.025167 0.0489124
25 33 -0.0143277 0.0497601
25 34 -0.00313628 0.0499794
25 35 0.00837112 0.0495266
25 36 0.0202337 0.0483587
25 37 0.0325983 0.0464308
25 38 0.0457609 0.0436955
25 39 0.0602181 0.0401047
25 40 0.0767197 0.0356187
25 41 0.0963074 0.0302223
25 42 0.12031 0.0239528
25 43 0.150255 0.0169384
25 44 0.187644 0.00944383
25 45 0.233558 0.00191108
25 46 0.288108 -0.00502493
25 47 0.349805 -0.0105719
25 48 0.415042 -0.013895
25 49 0.5 0
26 0 0 0
26 1 -0.00635301 -5.74253e-05
26 2 -0.0123034 -0.000179255
26 3 -0.0178642 -0.000374442
26 4 -0.0231263 -0.000634566
26 5 -0.028171 -0.000947192
26 6 -0.0330704 -0.00129586
26 7 -0.0378868 -0.00166011
26 8 -0.0426707 -0.00201559
26 9 -0.047459 -0.00233406
26 10 -0.0522729 -0.00258389
26 11 -0.0571157 -0.0027303
26 12 -0.0619707 -0.00273607
26 13 -0.0668001 -0.00256263
26 14 -0.071544 -0.00217117
26 15 -0.0761204 -0.00152441
26 16 -0.080426 -0.000588607
26 17 -0.0843391 0.000664223
26 18 -0.0877232 0.00225377
26 19 -0.0904326 0.00418914
26 20 -0.0923199 0.00646655
26 21 -0.0932436 0.00906763
26 22 -0.0930772 0.0119585
26 23 -0.0917184 0.0150897
26 24 -0.0890961 0.0183975
26 25 -0.0851767 0.021806
26 26 -0.0799674 0.0252301
26 27 -0.0735156 0.0285799
26 28 -0.0659061 0.0317639
26 29 -0.057254 0.0346934
26 30 -0.0476957 0.0372855
26 31 -0.0373775 0.0394644
26 32 -0.0264423 0.0411633
26 33 -0.0150157 0.0423225
26 34 -0.00318919 0.0428887
26 35 0.00899921 0.0428121
26 36 0.0215893 0.0420435
26 37 0.03473 0.0405322
26 38 0.0487193 0.038226
26 39 0.06405 0.0350739
26 40 0.0814555 0.0310353
26 41 0.10194 0.0260975
26 42 0.12676 0.0203023
26 43 0.157332 0.0137828
26 44 0.195001 0.00680446
26 45 0.240665 -0.000200495
26 46 0.29426 -0.00662378
26 47 0.354191 -0.0117214
26 48 0.416911 -0.0147293
26 49 0.5 0
27 0 0 0
27 1 -0.00623965 -0.00010442
27 2 -0.0120839 -0.0003266
27 3 -0.0175496 -0.000677004
27 4 -0.0227303 -0.00113933
27 5 -0.0277104 -0.00169534
27 6 -0.0325655 -0.00232455
27 7 -0.0373609 -0.00300386
27 8 -0.042151 -0.00370712
27 9 -0.046976 -0.00440498
27 10 -0.0518604 -0.00506479
27 11 -0.0568104 -0.00565067
27 12 -0.0618117 -0.00612386
27 13 -0.0668279 -0.00644334
27 14 -0.0717989 -0.00656678
27 15 -0.0766409 -0.00645207
27 16 -0.0812469 -0.00605915
27 17 -0.0854888 -0.00535228
27 18 -0.0892214 -0.00430238
27 19 -0.0922875 -0.00289001
27 20 -0.0945262 -0.00110779
27 21 -0.0957806 0.00103736
27 22 -0.0959084 0.00352256
27 23 -0.0947912 0.00630836
27 24 -0.0923438 0.00933933
27 25 -0.0885207 0.0125458
27 26 -0.0833206 0.0158467
27 27 -0.0767868 0.0191532
27 28 -0.0690036 0.0223731
27 29 -0.0600897 0.0254147
27 30 -0.0501875 0.0281902
27 31 -0.039451 0.0306183
27 32 -0.0280311 0.0326248
27 33 -0.0160602 0.0341432
27 34 -0.00363438 0.0351122
27 35 0.00920614 0.0354742
27 36 0.0225016 0.0351721
27 37 0.0364026 0.0341482
27 38 0.0512074 0.0323439
27 39 0.0674029 0.029704
27 40 0.0857036 0.0261859
27 41 0.107072 0.0217775
27 42 0.132695 0.0165235
27 43 0.163876 0.0105595
27 44 0.201812 0.00414905
27 45 0.247231 -0.00228785
27 46 0.299912 -0.00817127
27 47 0.35818 -0.0128065
27 48 0.418567 -0.0155015
27 49 0.5 0
28 0 0 0
28 1 -0.0060569 -0.000150949
28 2 -0.0117357 -0.000472389
28 3 -0.0170561 -0.000975793
28 4 -0.0221121 -0.00163701
28 5 -0.026989 -0.0024324
28 6 -0.0317638 -0.003338
28 7 -0.0365044 -0.00432877
28 8 -0.0412675 -0.00537763
28 9 -0.0460966 -0.00645515
28 10 -0.0510194 -0.00752874
28 11 -0.0560452 -0.00856255
28 12 -0.0611629 -0.00951735
28 13 -0.0663381 -0.0103507
28 14 -0.0715124 -0.0110177
28 15 -0.0766016 -0.0114721
28 16 -0.0814966 -0.0116679
28 17 -0.0860646 -0.0115614
28 18 -0.0901531 -0.0111138
28 19 -0.0935952 -0.0102942
28 20 -0.0962166 -0.0090823
28 21 -0.0978458 -0.00747155
28 22 -0.0983238 -0.00547113
28 23 -0.0975152 -0.00310751
28 24 -0.0953183 -0.000424765
28 25 -0.0916735 0.00251657
28 26 -0.0865685 0.00564181
28 27 -0.0800395 0.00886567
28 28 -0.0721679 0.0120963
28 29 -0.0630736 0.0152397
28 30 -0.0529034 0.0182032
28 31 -0.0418177 0.020899
28 32 -0.0299742 0.023245
28 33 -0.0175116 0.0251658
28 34 -0.00453052 0.0265906
28 35 0.00892679 0.0274523
28 36 0.0229006 0.0276845
28 37 0.0375425 0.0272208
28 38 0.0531494 0.0259948
28 39 0.0702003 0.0239458
28 40 0.0893881 0.0210277
28 41 0.111633 0.0172276
28 42 0.138046 0.0125909
28 43 0.169825 0.00725296
28 44 0.208024 0.00147238
28 45 0.253216 -0.00434586
28 46 0.30504 -0.0096529
28 47 0.361764 -0.0138055
28 48 0.42002 -0.0161862
28 49 0.5 0
29 0 0 0
29 1 -0.00580626 -0.000195727
29 2 -0.0112621 -0.000612516
29 3 -0.016389 -0.00126265
29 4 -0.0212782 -0.00211439
29 5 -0.0260139 -0.00313925
29 6 -0.0306728 -0.00431064
29 7 -0.0353238 -0.00560229
29 8 -0.0400251 -0.00698731
29 9 -0.0448228 -0.00843713
29 10 -0.0497477 -0.00992048
29 11 -0.0548128 -0.0114027
29 12 -0.0600104 -0.0128455
29 13 -0.0653098 -0.0142061
29 14 -0.0706551 -0.0154383
29 15 -0.0759639 -0.0164927
29 16 -0.0811268 -0.0173179
29 17 -0.0860087 -0.017863
29 18 -0.090452 -0.018079
29 19 -0.0942814 -0.0179229
29 20 -0.0973115 -0.0173601
29 21 -0.0993563 -0.0163685
29 22 -0.10024 -0.014941
29 23 -0.0998095 -0.013088
29 24 -0.0979448 -0.0108386
29 25 -0.0945695 -0.00824088
29 26 -0.0896572 -0.00535975
29 27 -0.0832336 -0.00227441
29 28 -0.075374 0.000925787
29 29 -0.0661964 0.00414567
29 30 -0.0558495 0.00728836
29 31 -0.0444979 0.010259
29 32 -0.0323053 0.0129667
29 33 -0.0194156 0.0153256
29 34 -0.00593337 0.0172543
29 35 0.00809701 0.0186741
29 36 0.0227155 0.0195077
29 37 0.0380735 0.0196784
29 38 0.0544652 0.019111
29 39 0.0723592 0.0177375
29 40 0.092425 0.0155072
29 41 0.115537 0.0124042
29 42 0.142734 0.00847206
29 43 0.175106 0.00384312
29 44 0.213575 -0.00123255
29 45 0.25857 -0.00636888
29 46 0.30961 -0.0110517
29 47 0.364926 -0.0146928
29 48 0.42128 -0.0167538
29 49 0.5 0
30 0 0 0
30 1 -0.00549142 -0.000237387
30 2 -0.0106701 -0.000742758
30 3 -0.0155579 -0.00152902
30 4 -0.0202407 -0.00255765
30 5 -0.0247987 -0.0037961
30 6 -0.0293068 -0.00521584
30 7 -0.0338329 -0.00679058
30 8 -0.0384363 -0.00849448
30 9 -0.0431646 -0.010301
30 10 -0.0480518 -0.0121814
30 11 -0.0531144 -0.0141036
30 12 -0.0583492 -0.0160312
30 13 -0.06373 -0.0179232
30 14 -0.0692051 -0.019733
30 15 -0.0746957 -0.0214095
30 16 -0.0800948 -0.0228973
30 17 -0.0852673 -0.0241387
30 18 -0.0900531 -0.0250753
30 19 -0.0942712 -0.0256516
30 20 -0.097727 -0.025818
30 21 -0.100222 -0.025535
30 22 -0.101563 -0.0247765
30 23 -0.10158 -0.0235338
30 24 -0.100133 -0.0218176
30 25 -0.0971256 -0.0196591
30 26 -0.0925144 -0.0171098
30 27 -0.0863103 -0.0142391
30 28 -0.0785787 -0.011131
30 29 -0.0694318 -0.00787962
30 30 -0.0590166 -0.00458509
30 31 -0.0474996 -0.00134896
30 32 -0.035048 0.00172856
30 33 -0.0218098 0.00455025
30 34 -0.00789324 0.00702215
30 35 0.0066555 0.00905288
30 36 0.0218754 0.0105526
30 37 0.0379167 0.0114328
30 38 0.0550691 0.0116079
30 39 0.0737892 0.0110014
30 40 0.0947203 0.00955589
30 41 0.11869 0.00725071
30 42 0.146665 0.00412465
30 43 0.179631 0.0003032
30 44 0.218388 -0.0039765
30 45 0.26323 -0.00835202
30 46 0.313577 -0.0123488
30 47 0.367646 -0.0154387
30 48 0.422354 -0.0171695
30 49 0.5 0
31 0 0 0
31 1 -0.005118 -0.000274494
31 2 -0.00997017 -0.000858791
31 3 -0.0145776 -0.00176638
31 4 -0.0190173 -0.00295299
31 5 -0.0233635 -0.004383
31 6 -0.0276869 -0.00602706
31 7 -0.0320534 -0.00785966
31 8 -0.0365218 -0.00985716
31 9 -0.041141 -0.0119961
31 10 -0.0459473 -0.0142514
31 11 -0.0509613 -0.0165949
31 12 -0.0561845 -0.0189938
31 13 -0.0615962 -0.0214097
31 14 -0.0671509 -0.0237981
31 15 -0.0727752 -0.0261075
31 16 -0.0783667 -0.0282801
31 17 -0.0837937 -0.0302529
31 18 -0.0888965 -0.0319592
31 19 -0.0934916 -0.0333313
31 20 -0.097378 -0.0343045
31 21 -0.100346 -0.0348207
31 22 -0.102191 -0.0348331
31 23 -0.10272 -0.0343108
31 24 -0.101776 -0.0332419
31 25 -0.0992395 -0.031637
31 26 -0.0950462 -0.029529
31 27 -0.0891884 -0.0269731
31 28 -0.0817163 -0.0240441
31 29 -0.0727315 -0.0208318
31 30 -0.0623753 -0.0174373
31 31 -0.0508122 -0.0139676
31 32 -0.0382102 -0.0105321
31 33 -0.0247198 -0.00723997
31 34 -0.0104515 -0.00419851
31 35 0.00454639 -0.00151322
31 36 0.0203114 0.000712024
31 37 0.0369916 0.00237557
31 38 0.0548706 0.00338017
31 39 0.0743909 0.00363907
31 40 0.0961684 0.00308648
31 41 0.120983 0.00169411
31 42 0.149729 -0.000507401
31 43 0.183296 -0.00340386
31 44 0.222365 -0.00677636
31 45 0.267115 -0.0102924
31 46 0.316882 -0.0135236
31 47 0.369891 -0.0160092
31 48 0.423248 -0.0173921
31 49 0.5 0
32 0 0 0
32 1 -0.00469371 -0.00030569
32 2 -0.00917655 -0.000956474
32 3 -0.0134672 -0.00196651
32 4 -0.0176314 -0.00328718
32 5 -0.0217345 -0.004881
32 6 -0.0258415 -0.00671876
32 7 -0.0300146 -0.00877677
32 8 -0.0343109 -0.0110346
32 9 -0.0387798 -0.0134727
32 10 -0.0434599 -0.016071
32 11 -0.0483753 -0.0188062
32 12 -0.0535329 -0.0216506
32 13 -0.0589185 -0.0245705
32 14 -0.0644938 -0.0275246
32 15 -0.0701929 -0.0304634
32 16 -0.0759209 -0.0333288
32 17 -0.0815522 -0.0360543
32 18 -0.0869313 -0.0385667
32 19 -0.0918759 -0.0407879
32 20 -0.0961824 -0.0426383
32 21 -0.0996342 -0.0440414
32 22 -0.102013 -0.0449284
32 23 -0.103112 -0.0452436
32 24 -0.102751 -0.0449494
32 25 -0.100788 -0.0440307
32 26 -0.0971344 -0.042497
32 27 -0.0917592 -0.0403839
32 28 -0.0846922 -0.0377512
32 29 -0.0760188 -0.0346803
32 30 -0.0658688 -0.0312692
32 31 -0.0544 -0.0276281
32 32 -0.0417778 -0.023874
32 33 -0.0281523 -0.0201275
32 34 -0.0136353 -0.0165096
32 35 0.00172349 -0.0131409
32 36 0.0179597 -0.0101403
32 37 0.0352179 -0.00762364
32 38 0.0537744 -0.00570143
32 39 0.0740561 -0.0044721
32 40 0.0966501 -0.00401214
32 41 0.122289 -0.0043604
32 42 0.151798 -0.00549855
32 43 0.185973 -0.00732921
32 44 0.22539 -0.00965849
32 45 0.270123 -0.0121916
32 46 0.319446 -0.014555
32 47 0.371618 -0.0163654
32 48 0.423965 -0.0173733
32 49 0.5 0
33 0 0 0
33 1 -0.0042281 -0.000329737
33 2 -0.00830667 -0.00103207
33 3 -0.0122506 -0.00212203
33 4 -0.0161114 -0.00354831
33 5 -0.0199439 -0.00527282
33 6 -0.0238054 -0.00726767
33 7 -0.0277529 -0.0095119
33 8 -0.031841 -0.011989
33 9 -0.0361187 -0.0146844
33 10 -0.0406258 -0.0175836
33 11 -0.0453903 -0.0206697
33 12 -0.0504244 -0.0239213
33 13 -0.055721 -0.0273106
33 14 -0.0612502 -0.0308019
33 15 -0.0669556 -0.0343496
33 16 -0.0727519 -0.0378978
33 17 -0.0785228 -0.0413793
33 18 -0.0841209 -0.0447169
33 19 -0.0893693 -0.0478243
33 20 -0.0940661 -0.0506093
33 21 -0.0979918 -0.0529778
33 22 -0.10092 -0.0548389
33 23 -0.102629 -0.0561109
33 24 -0.10292 -0.0567277
33 25 -0.101627 -0.0566441
33 26 -0.0986343 -0.0558411
33 27 -0.0938833 -0.054328
33 28 -0.087378 -0.0521436
33 29 -0.0791812 -0.049354
33 30 -0.0694049 -0.0460492
33 31 -0.0581941 -0.0423375
33 32 -0.0457065 -0.0383409
33 33 -0.0320886 -0.0341891
33 34 -0.0174509 -0.0300164
33 35 -0.00184392 -0.025958
33 36 0.0147659 -0.0221482
33 37 0.0325189 -0.0187181
33 38 0.0516827 -0.0157925
33 39 0.0726677 -0.0134832
33 40 0.096032 -0.0118796
33 41 0.122462 -0.0110347
33 42 0.152717 -0.0109473
33 43 0.187509 -0.0115435
33 44 0.227315 -0.0126629
33 45 0.272125 -0.0140584
33 46 0.321169 -0.015423
33 47 0.372765 -0.0164639
33 48 0.424502 -0.0170564
33 49 0.5 0
34 0 0 0
34 1 -0.00373249 -0.000345662
34 2 -0.00738102 -0.00108244
34 3 -0.0109553 -0.00222667
34 4 -0.0144905 -0.00372622
34 5 -0.0180292 -0.00554391
34 6 -0.0216195 -0.00765406
34 7 -0.0253121 -0.0100392
34 8 -0.0291578 -0.0126876
34 9 -0.0332041 -0.0155901
34 10 -0.037492 -0.0187388
34 11 -0.0420524 -0.0221235
34 12 -0.0469029 -0.0257305
34 13 -0.0520438 -0.0295396
34 14 -0.0574541 -0.0335221
34 15 -0.0630887 -0.0376389
34 16 -0.0688739 -0.0418388
34 17 -0.0747058 -0.0460573
34 18 -0.0804485 -0.0502163
34 19 -0.085935 -0.0542248
34 20 -0.0909701 -0.0579812
34 21 -0.0953368 -0.0613763
34 22 -0.0988049 -0.0642988
34 23 -0.101144 -0.0666412
34 24 -0.102136 -0.0683073
34 25 -0.101595 -0.0692188
34 26 -0.0993751 -0.0693226
34 27 -0.0953883 -0.0685957
34 28 -0.0896069 -0.0670481
34 29 -0.0820644 -0.0647227
34 30 -0.0728477 -0.0616935
34 31 -0.0620821 -0.0580607
34 32 -0.0499113 -0.053945
34 33 -0.0364731 -0.0494818
34 34 -0.0218736 -0.0448153
34 35 -0.00616234 -0.0400941
34 36 0.0106927 -0.0354672
34 37 0.0288271 -0.0310811
34 38 0.048499 -0.0270752
34 39 0.070102 -0.0235761
34 40 0.094166 -0.0206886
34 41 0.121334 -0.0184835
34 42 0.152305 -0.0169826
34 43 0.187715 -0.0161432
34 44 0.22796 -0.0158489
34 45 0.272958 -0.0159132
34 46 0.321918 -0.0161107
34 47 0.373249 -0.0162571
34 48 0.42485 -0.0163756
34 49 0.5 0
35 0 0 0
35 1 -0.00321947 -0.000352629
35 2 -0.0064223 -0.00110519
35 3 -0.00961179 -0.00227576
35 4 -0.0128055 -0.00381339
35 5 -0.0160322 -0.00568321
35 6 -0.0193296 -0.00786276
35 7 -0.0227414 -0.0103388
35 8 -0.0263135 -0.0131044
35 9 -0.0300911 -0.0161568
35 10 -0.0341154 -0.0194943
35 11 -0.0384197 -0.0231148
35 12 -0.0430265 -0.0270125
35 13 -0.0479432 -0.031176
35 14 -0.0531587 -0.0355856
35 15 -0.0586393 -0.0402106
35 16 -0.064325 -0.0450074
35 17 -0.0701265 -0.0499175
35 18 -0.075923 -0.054866
35 19 -0.0815616 -0.0597616
35 20 -0.0868593 -0.0644975
35 21 -0.0916069 -0.0689538
35 22 -0.0955769 -0.0730023
35 23 -0.0985345 -0.076512
35 24 -0.100251 -0.0793571
35 25 -0.100518 -0.0814247
35 26 -0.0991646 -0.082624
35 27 -0.0960701 -0.0828934
35 28 -0.0911714 -0.0822059
35 29 -0.0844664 -0.0805722
35 30 -0.0760095 -0.0780406
35 31 -0.0658982 -0.0746932
35 32 -0.0542545 -0.0706413
35 33 -0.041201 -0.0660184
35 34 -0.0268349 -0.0609735
35 35 -0.0112016 -0.0556644
35 36 0.00573081 -0.0502523
35 37 0.0240935 -0.0448975
35 38 0.0441354 -0.039754
35 39 0.0662338 -0.0349635
35 40 0.0908925 -0.0306483
35 41 0.118716 -0.0269006
35 42 0.150351 -0.0237713
35 43 0.186369 -0.0212586
35 44 0.2271 -0.0193026
35 45 0.272413 -0.0177938
35 46 0.321522 -0.0166085
35 47 0.372958 -0.0156952
35 48 0.424985 -0.0152552
35 49 0.5 0
36 0 0 0
36 1 -0.00270257 -0.000350229
36 2 -0.00545486 -0.00109894
36 3 -0.00825289 -0.00226648
36 4 -0.0110957 -0.00380525
36 5 -0.0139977 -0.00568397
36 6 -0.0169858 -0.00788431
36 7 -0.0200953 -0.0103975
36 8 -0.0233667 -0.0132221
36 9 -0.0268422 -0.016361
36 10 -0.0305621 -0.0198196
36 11 -0.0345616 -0.0236032
36 12 -0.038867 -0.027715
36 13 -0.0434927 -0.0321528
36 14 -0.0484368 -0.036907
36 15 -0.0536775 -0.0419576
36 16 -0.0591694 -0.047271
36 17 -0.0648395 -0.0527981
36 18 -0.0705848 -0.0584716
36 19 -0.0762707 -0.0642048
36 20 -0.0817308 -0.0698913
36 21 -0.0867703 -0.0754065
36 22 -0.0911709 -0.0806106
36 23 -0.0947007 -0.085354
36 24 -0.0971253 -0.0894844
36 25 -0.0982226 -0.0928558
36 26 -0.0977982 -0.0953379
36 27 -0.0956994 -0.0968261
36 28 -0.0918261 -0.0972494
36 29 -0.0861364 -0.0965763
36 30 -0.0786448 -0.0948178
36 31 -0.0694129 -0.0920261
36 32 -0.0585323 -0.088291
36 33 -0.0461029 -0.0837331
36 34 -0.032206 -0.0784966
36 35 -0.0168781 -0.0727413
36 36 -8.47988e-05 -0.066635
36 37 0.0183027 -0.0603477
36 38 0.0385252 -0.0540453
36 39 0.0609458 -0.0478842
36 40 0.086046 -0.0420045
36 41 0.114399 -0.0365234
36 42 0.14661 -0.0315269
36 43 0.183202 -0.0270641
36 44 0.224461 -0.0231473
36 45 0.27023 -0.0197645
36 46 0.319759 -0.0169206
36 47 0.371739 -0.0147288
36 48 0.424868 -0.0136106
36 49 0.5 0
37 0 0 0
37 1 -0.00219577 -0.000338323
37 2 -0.0045038 -0.00106334
37 3 -0.00691228 -0.00219825
37 4 -0.00940181 -0.00370071
37 5 -0.0119725 -0.00554444
37 6 -0.0146398 -0.00771581
37 7 -0.0174308 -0.0102109
37 8 -0.0203799 -0.0130332
37 9 -0.0235254 -0.0161915
37 10 -0.026906 -0.0196976
37 11 -0.0305574 -0.0235643
37 12 -0.0345093 -0.0278032
37 13 -0.0387815 -0.0324218
37 14 -0.0433809 -0.0374215
37 15 -0.0482971 -0.0427938
37 16 -0.0534992 -0.0485179
37 17 -0.0589315 -0.0545568
37 18 -0.0645108 -0.0608551
37 19 -0.0701232 -0.0673358
37 20 -0.0756238 -0.0738996
37 21 -0.0808375 -0.0804238
37 22 -0.0855625 -0.0867648
37 23 -0.0895774 -0.0927616
37 24 -0.0926507 -0.0982421
37 25 -0.0945538 -0.103031
37 26 -0.0950753 -0.106962
37 27 -0.0940353 -0.109885
37 28 -0.0912978 -0.11168
37 29 -0.0867792 -0.112266
37 30 -0.0804494 -0.111604
37 31 -0.0723266 -0.109702
37 32 -0.0624636 -0.106613
37 33 -0.050928 -0.102431
37 34 -0.0377776 -0.0972806
37 35 -0.0230332 -0.0913105
37 36 -0.00665255 -0.0846853
37 37 0.0114941 -0.0775763
37 38 0.0316426 -0.0701558
37 39 0.0541457 -0.0625902
37 40 0.0794684 -0.0550362
37 41 0.108163 -0.0476367
37 42 0.140807 -0.040518
37 43 0.1779 -0.0337909
37 44 0.219706 -0.0275571
37 45 0.266079 -0.0219289
37 46 0.316338 -0.0170742
37 47 0.369385 -0.0133155
37 48 0.42443 -0.0113497
37 49 0.5 0
38 0 0 0
38 1 -0.00171295 -0.000317197
38 2 -0.00359405 -0.000999277
38 3 -0.00562341 -0.00207273
38 4 -0.00776429 -0.00350245
38 5 -0.010003 -0.00526823
38 6 -0.0123443 -0.00736154
38 7 -0.0148066 -0.00978327
38 8 -0.0174179 -0.0125417
38 9 -0.0202123 -0.0156506
38 10 -0.0232258 -0.0191276
38 11 -0.0264939 -0.0229921
38 12 -0.030048 -0.0272636
38 13 -0.0339124 -0.0319591
38 14 -0.0381011 -0.0370906
38 15 -0.0426142 -0.0426622
38 16 -0.0474343 -0.0486667
38 17 -0.052523 -0.0550822
38 18 -0.0578169 -0.0618685
38 19 -0.0632252 -0.0689635
38 20 -0.0686274 -0.0762809
38 21 -0.0738728 -0.0837081
38 22 -0.0787825 -0.0911066
38 23 -0.0831537 -0.0983134
38 24 -0.0867668 -0.105146
38 25 -0.0893965 -0.11141
38 26 -0.0908234 -0.116906
38 27 -0.0908484 -0.121444
38 28 -0.0893054 -0.124856
38 29 -0.086071 -0.127004
38 30 -0.0810695 -0.127789
38 31 -0.074271 -0.127164
38 32 -0.0656822 -0.125127
38 33 -0.0553299 -0.121725
38 34 -0.0432389 -0.117044
38 35 -0.0294061 -0.111205
38 36 -0.0137743 -0.104352
38 37 0.00379327 -0.0966422
38 38 0.023533 -0.0882425
38 39 0.0457931 -0.0793201
38 40 0.0710316 -0.0700412
38 41 0.0997924 -0.0605712
38 42 0.132648 -0.0510784
38 43 0.1701 -0.041744
38 44 0.212431 -0.0327785
38 45 0.259546 -0.0244502
38 46 0.310884 -0.0171364
38 47 0.365615 -0.0114294
38 48 0.423562 -0.00837735
38 49 0.5 0
39 0 0 0
39 1 -0.00126725 -0.000287499
39 2 -0.0027492 -0.000908781
39 3 -0.00441812 -0.00189404
39 4 -0.0062218 -0.00321712
39 5 -0.00813422 -0.0048646
39 6 -0.0101501 -0.00683342
39 7 -0.0122799 -0.00912902
39 8 -0.0145454 -0.0117637
39 9 -0.0169755 -0.0147554
39 10 -0.0196034 -0.0181263
39 11 -0.0224628 -0.0219014
39 12 -0.0255856 -0.026107
39 13 -0.0289991 -0.0307682
39 14 -0.0327225 -0.0359074
39 15 -0.0367646 -0.0415408
39 16 -0.04112 -0.0476753
39 17 -0.0457659 -0.0543053
39 18 -0.0506586 -0.0614084
39 19 -0.0557302 -0.0689413
39 20 -0.060886 -0.0768366
39 21 -0.0660033 -0.0849993
39 22 -0.0709307 -0.0933052
39 23 -0.0754913 -0.1016
39 24 -0.0794865 -0.109704
39 25 -0.0827043 -0.117414
39 26 -0.0849294 -0.124511
39 27 -0.0859546 -0.130775
39 28 -0.085593 -0.135993
39 29 -0.083689 -0.139971
39 30 -0.0801253 -0.14255
39 31 -0.074824 -0.143611
39 32 -0.0677422 -0.143086
39 33 -0.0588595 -0.140953
39 34 -0.0481593 -0.13724
39 35 -0.0356061 -0.132012
39 36 -0.0211188 -0.125369
39 37 -0.00454571 -0.117434
39 38 0.0143578 -0.108344
39 39 0.0359447 -0.0982477
39 40 0.0606777 -0.0873059
39 41 0.0891109 -0.0756937
39 42 0.121839 -0.0636156
39 43 0.159403 -0.0513261
39 44 0.202157 -0.0391619
39 45 0.250117 -0.0275844
39 46 0.30291 -0.0172414
39 47 0.360051 -0.00907859
39 48 0.422095 -0.00460202
39 49 0.5 0
40 0 0 0
40 1 -0.000870522 -0.000250321
40 2 -0.00199052 -0.000795146
40 3 -0.00332513 -0.00166875
40 4 -0.00480943 -0.00285525
40 5 -0.00640718 -0.00434868
40 6 -0.00810468 -0.00615128
40 7 -0.00990511 -0.00827246
40 8 -0.0118242 -0.0107277
40 9 -0.013886 -0.013538
40 10 -0.0161197 -0.0167287
40 11 -0.0185566 -0.0203289
40 12 -0.0212277 -0.0243698
40 13 -0.0241612 -0.0288834
40 14 -0.0273799 -0.0339008
40 15 -0.0308988 -0.0394489
40 16 -0.0347222 -0.0455484
40 17 -0.0388406 -0.0522096
40 18 -0.0432278 -0.0594293
40 19 -0.0478377 -0.0671853
40 20 -0.052601 -0.0754333
40 21 -0.0574238 -0.084102
40 22 -0.0621856 -0.0930901
40 23 -0.06674 -0.102264
40 24 -0.0709175 -0.111458
40 25 -0.0745296 -0.120477
40 26 -0.0773766 -0.129098
40 27 -0.0792566 -0.137084
40 28 -0.0799757 -0.144192
40 29 -0.0793583 -0.150182
40 30 -0.0772552 -0.154836
40 31 -0.0735471 -0.157965
40 32 -0.0681441 -0.159421
40 33 -0.0609773 -0.159101
40 34 -0.0519845 -0.156948
40 35 -0.0410906 -0.152949
40 36 -0.0281836 -0.147128
40 37 -0.0130885 -0.139538
40 38 0.00445677 -0.130257
40 39 0.0248204 -0.119383
40 40 0.0484853 -0.107036
40 41 0.0760385 -0.0933726
40 42 0.108131 -0.0786107
40 43 0.145398 -0.0630667
40 44 0.188333 -0.0472112
40 45 0.237156 -0.0317366
40 46 0.291778 -0.0176383
40 47 0.352167 -0.00633504
40 48 0.419763 5.36991e-05
40 49 0.5 0
41 0 0 0
41 1 -0.000532899 -0.000207074
41 2 -0.00133608 -0.000662858
41 3 -0.00236886 -0.00140589
41 4 -0.0035573 -0.00243147
41 5 -0.00485766 -0.00374131
41 6 -0.00624965 -0.00534259
41 7 -0.00773066 -0.00724792
41 8 -0.0093109 -0.00947487
41 9 -0.0110096 -0.012046
41 10 -0.0128516 -0.0149885
41 11 -0.014865 -0.0183333
41 12 -0.0170785 -0.0221152
41 13 -0.0195196 -0.0263705
41 14 -0.0222124 -0.0311369
41 15 -0.0251757 -0.0364502
41 16 -0.0284205 -0.0423426
41 17 -0.0319478 -0.0488393
41 18 -0.0357457 -0.0559551
41 19 -0.0397869 -0.0636896
41 20 -0.0440257 -0.0720235
41 21 -0.0483955 -0.0809132
41 22 -0.052807 -0.0902869
41 23 -0.0571472 -0.100041
41 24 -0.0612801 -0.110036
41 25 -0.0650489 -0.1201
41 26 -0.0682803 -0.130025
41 27 -0.0707911 -0.139578
41 28 -0.0723957 -0.148503
41 29 -0.0729146 -0.156535
41 30 -0.0721819 -0.163411
41 31 -0.0700503 -0.16888
41 32 -0.0663928 -0.172719
41 33 -0.0610984 -0.174735
41 34 -0.0540621 -0.174775
41 35 -0.0451689 -0.172722
41 36 -0.0342725 -0.168495
41 37 -0.0211705 -0.162045
41 38 -0.00557757 -0.153343
41 39 0.0128986 -0.142387
41 40 0.0347754 -0.129205
41 41 0.0606982 -0.113879
41 42 0.0914174 -0.0965806
41 43 0.127728 -0.0776446
41 44 0.170366 -0.0576539
41 45 0.219887 -0.0375547
41 46 0.276645 -0.0187797
41 47 0.341224 -0.00339096
41 48 0.416154 0.00563529
41 49 0.5 0
42 0 0 0
42 1 -0.00026191 -0.000159591
42 2 -0.000799472 -0.000517575
42 3 -0.00156785 -0.00111689
42 4 -0.00248861 -0.00196436
42 5 -0.00351385 -0.003069
42 6 -0.00461903 -0.00444238
42 7 -0.00579723 -0.00609925
42 8 -0.00705421 -0.00805807
42 9 -0.00840459 -0.0103415
42 10 -0.00986888 -0.0129767
42 11 -0.011471 -0.015995
42 12 -0.0132365 -0.0194319
42 13 -0.0151906 -0.0233263
42 14 -0.0173566 -0.0277194
42 15 -0.0197545 -0.0326531
42 16 -0.0223993 -0.0381684
42 17 -0.0252988 -0.0443025
42 18 -0.0284519 -0.0510856
42 19 -0.0318462 -0.0585374
42 20 -0.0354553 -0.0666626
42 21 -0.0392369 -0.0754464
42 22 -0.0431307 -0.0848494
42 23 -0.0470561 -0.0948033
42 24 -0.0509123 -0.105207
42 25 -0.0545785 -0.115922
42 26 -0.0579157 -0.126775
42 27 -0.0607704 -0.137557
42 28 -0.0629795 -0.148025
42 29 -0.0643766 -0.157913
42 30 -0.0647976 -0.166939
42 31 -0.0640857 -0.174815
42 32 -0.0620942 -0.181258
42 33 -0.0586846 -0.185997
42 34 -0.0537206 -0.188785
42 35 -0.0470562 -0.189396
42 36 -0.0385174 -0.187625
42 37 -0.0278791 -0.18329
42 38 -0.0148367 -0.176218
42 39 0.00102454 -0.16625
42 40 0.02026 -0.153251
42 41 0.0435895 -0.137132
42 42 0.0719039 -0.117917
42 43 0.106239 -0.0958412
42 44 0.147708 -0.0715047
42 45 0.197404 -0.0460701
42 46 0.256386 -0.0214798
42 47 0.326139 -0.000670608
42 48 0.410594 0.0121227
42 49 0.5 0
43 0 0 0
43 1 -6.21863e-05 -0.000110198
43 2 -0.00038882 -0.000366367
43 3 -0.000933509 -0.000815826
43 4 -0.00161828 -0.00147653
43 5 -0.0023948 -0.00236395
43 6 -0.00323709 -0.003493
43 7 -0.00413558 -0.00487947
43 8 -0.00509263 -0.00654133
43 9 -0.00611886 -0.00850002
43 10 -0.00723042 -0.0107809
43 11 -0.00844685 -0.0134136
43 12 -0.00978948 -0.0164326
43 13 -0.01128 -0.0198763
43 14 -0.0129395 -0.0237869
43 15 -0.0147868 -0.0282091
43 16 -0.0168379 -0.0331888
43 17 -0.0191042 -0.0387711
43 18 -0.0215913 -0.044998
43 19 -0.024297 -0.051905
43 20 -0.0272098 -0.0595173
43 21 -0.0303068 -0.0678463
43 22 -0.0335515 -0.0768843
43 23 -0.0368925 -0.0865997
43 24 -0.040262 -0.0969328
43 25 -0.0435749 -0.107791
43 26 -0.0467296 -0.119045
43 27 -0.049609 -0.130528
43 28 -0.0520834 -0.142038
43 29 -0.0540134 -0.153334
43 30 -0.0552547 -0.164149
43 31 -0.0556609 -0.174189
43 32 -0.0550866 -0.183147
43 33 -0.0533871 -0.190707
43 34 -0.0504147 -0.196549
43 35 -0.0460105 -0.200357
43 36 -0.0399902 -0.201815
43 37 -0.0321235 -0.2006
43 38 -0.022106 -0.196382
43 39 -0.00952279 -0.18881
43 40 0.00619631 -0.177519
43 41 0.0258288 -0.16215
43 42 0.0504131 -0.142417
43 43 0.0812892 -0.11824
43 44 0.120105 -0.08999
43 45 0.168782 -0.0588345
43 46 0.229526 -0.0271695
43 47 0.305267 0.000946309
43 48 0.401929 0.0193542
43 49 0.5 0
44 0 0 0
44 1 6.53286e-05 -6.16983e-05
44 2 -0.000105711 -0.00021784
44 3 -0.000468586 -0.000519684
44 4 -0.000951339 -0.000994846
44 5 -0.00150908 -0.001664
44 6 -0.00211699 -0.00254392
44 7 -0.00276476 -0.00365011
44 8 -0.0034525 -0.00499887
44 9 -0.00418751 -0.00660895
44 10 -0.00498181 -0.00850246
44 11 -0.00585044 -0.0107058
44 12 -0.00681011 -0.0132501
44 13 -0.00787823 -0.0161709
44 14 -0.00907195 -0.0195085
44 15 -0.0104076 -0.0233069
44 16 -0.0118997 -0.0276129
44 17 -0.0135603 -0.032475
44 18 -0.0153979 -0.0379415
44 19 -0.0174164 -0.0440579
44 20 -0.0196136 -0.0508646
44 21 -0.0219801 -0.0583929
44 22 -0.0244978 -0.0666616
44 23 -0.027138 -0.0756726
44 24 -0.0298605 -0.0854056
44 25 -0.0326121 -0.0958142
44 26 -0.0353264 -0.106821
44 27 -0.0379236 -0.118315
44 28 -0.0403116 -0.130147
44 29 -0.0423871 -0.142131
44 30 -0.0440379 -0.154042
44 31 -0.045145 -0.165624
44 32 -0.0455841 -0.176585
44 33 -0.0452259 -0.186609
44 34 -0.0439346 -0.195356
44 35 -0.0415623 -0.202463
44 36 -0.037939 -0.207543
44 37 -0.0328564 -0.210178
44 38 -0.026043 -0.209909
44 39 -0.0171273 -0.206213
44 40 -0.00558319 -0.198496
44 41 0.00934866 -0.186078
44 42 0.0287735 -0.168231
44 43 0.0542922 -0.144289
44 44 0.0881738 -0.113937
44 45 0.133505 -0.077773
44 46 0.194324 -0.038164
44 47 0.276081 -0.000278305
44 48 0.388042 0.02685
44 49 0.5 0
45 0 0 0
45 1 0.000124421 -1.77138e-05
45 2 5.63115e-05 -8.27368e-05
45 3 -0.000165824 -0.000249004
45 4 -0.000481637 -0.000551278
45 5 -0.000853298 -0.00101316
45 6 -0.00125953 -0.00165175
45 7 -0.00169101 -0.00248086
45 8 -0.00214675 -0.00351396
45 9 -0.00263139 -0.00476599
45 10 -0.00315327 -0.00625469
45 11 -0.00372308 -0.00800176
45 12 -0.00435284 -0.0100333
45 13 -0.00505522 -0.01238
45 14 -0.00584295 -0.0150775
45 15 -0.00672844 -0.0181656
45 16 -0.00772333 -0.0216882
45 17 -0.0088379 -0.025692
45 18 -0.0100806 -0.030226
45 19 -0.0114574 -0.0353392
45 20 -0.0129712 -0.0410793
45 21 -0.0146202 -0.0474897
45 22 -0.0163982 -0.0546071
45 23 -0.0182921 -0.0624577
45 24 -0.020282 -0.0710537
45 25 -0.0223395 -0.0803888
45 26 -0.0244268 -0.0904341
45 27 -0.0264972 -0.101134
45 28 -0.0284936 -0.112401
45 29 -0.0303499 -0.124117
45 30 -0.031991 -0.136123
45 31 -0.033334 -0.148228
45 32 -0.0342884 -0.160199
45 33 -0.0347572 -0.17177
45 34 -0.0346352 -0.182635
45 35 -0.0338065 -0.192451
45 36 -0.0321385 -0.200833
45 37 -0.0294713 -0.207346
45 38 -0.0255998 -0.211485
45 39 -0.0202436 -0.212654
45 40 -0.0129962 -0.210127
45 41 -0.00323882 -0.203004
45 42 0.0100098 -0.190161
45 43 0.0283519 -0.170249
45 44 0.054437 -0.14183
45 45 0.0925839 -0.103922
45 46 0.149476 -0.057402
45 47 0.234971 -0.00742326
45 48 0.364829 0.0334873
45 49 0.5 0
46 0 0 0
46 1 0.000124779 1.68607e-05
46 2 0.000113383 2.50582e-05
46 3 -6.56024e-06 -2.92417e-05
46 4 -0.000190813 -0.000183806
46 5 -0.00041136 -0.000462422
46 6 -0.000652466 -0.000880575
46 7 -0.000907069 -0.00144922
46 8 -0.00117401 -0.002178
46 9 -0.00145599 -0.00307734
46 10 -0.00175823 -0.00415996
46 11 -0.00208742 -0.00544185
46 12 -0.00245118 -0.00694297
46 13 -0.00285755 -0.00868749
46 14 -0.00331482 -0.010704
46 15 -0.00383107 -0.0130255
46 16 -0.00441412 -0.0156888
46 17 -0.00507124 -0.0187346
46 18 -0.00580896 -0.0222066
46 19 -0.00663265 -0.0261505
46 20 -0.00754611 -0.0306128
46 21 -0.00855123 -0.0356398
46 22 -0.00964733 -0.0412752
46 23 -0.0108306 -0.047558
46 24 -0.0120934 -0.0545199
46 25 -0.0134235 -0.0621821
46 26 -0.0148036 -0.070552
46 27 -0.0162109 -0.0796197
46 28 -0.0176163 -0.089354
46 29 -0.0189847 -0.0996991
46 30 -0.0202745 -0.110571
46 31 -0.0214381 -0.121856
46 32 -0.0224219 -0.133406
46 33 -0.0231661 -0.145036
46 34 -0.0236049 -0.156526
46 35 -0.0236648 -0.167613
46 36 -0.023262 -0.177989
46 37 -0.0222979 -0.18729
46 38 -0.0206492 -0.195085
46 39 -0.0181507 -0.200844
46 40 -0.0145617 -0.203899
46 41 -0.00950105 -0.203373
46 42 -0.00231513 -0.198072
46 43 0.00819348 -0.186322
46 44 0.0243338 -0.165779
46 45 0.050695 -0.133354
46 46 0.0963757 -0.0860057
46 47 0.178049 -0.0245629
46 48 0.324411 0.0372519
46 49 0.5 0
47 0 0 0
47 1 8.4186e-05 3.5435e-05
47 2 9.33297e-05 8.7373e-05
47 3 4.09335e-05 0.000107875
47 4 -4.70504e-05 6.19125e-05
47 5 -0.000153892 -7.1086e-05
47 6 -0.000270342 -0.000302929
47 7 -0.000392267 -0.000640679
47 8 -0.000518944 -0.0010898
47 9 -0.000651691 -0.00165613
47 10 -0.000793191 -0.00234721
47 11 -0.000946879 -0.00317308
47 12 -0.00111659 -0.00414691
47 13 -0.00130647 -0.00528524
47 14 -0.00152073 -0.00660806
47 15 -0.00176357 -0.00813889
47 16 -0.00203915 -0.0099047
47 17 -0.00235145 -0.0119357
47 18 -0.00270414 -0.0142652
47 19 -0.0031005 -0.0169288
47 20 -0.00354337 -0.0199644
47 21 -0.00403472 -0.0234111
47 22 -0.00457564 -0.027308
47 23 -0.00516594 -0.0316939
47 24 -0.00580384 -0.0366045
47 25 -0.0064857 -0.0420715
47 26 -0.00720563 -0.0481205
47 27 -0.00795518 -0.054768
47 28 -0.00872315 -0.0620196
47 29 -0.00949517 -0.0698666
47 30 -0.0102538 -0.0782838
47 31 -0.0109781 -0.0872262
47 32 -0.011644 -0.0966266
47 33 -0.0122239 -0.106393
47 34 -0.0126865 -0.116405
47 35 -0.0129969 -0.126511
47 36 -0.0131159 -0.136526
47 37 -0.0129984 -0.146224
47 38 -0.0125912 -0.155328
47 39 -0.0118266 -0.163495
47 40 -0.0106098 -0.170291
47 41 -0.00878873 -0.175131
47 42 -0.00608406 -0.177185
47 43 -0.00192005 -0.175175
47 44 0.00499467 -0.166991
47 45 0.0177558 -0.148944
47 46 0.0442137 -0.114512
47 47 0.105332 -0.0536815
47 48 0.253049 0.0363808
47 49 0.5 0
48 0 0 0
48 1 3.14061e-05 2.98768e-05
48 2 3.83426e-05 8.1243e-05
48 3 2.34321e-05 0.000122704
48 4 -4.15556e-06 0.000130203
48 5 -3.81414e-05 9.09697e-05
48 6 -7.50907e-05 -1.26287e-06
48 7 -0.000113526 -0.000149401
48 8 -0.000153178 -0.00035529
48 9 -0.000194468 -0.000621026
48 10 -0.000238294 -0.000949681
48 11 -0.000285782 -0.00134581
48 12 -0.0003382 -0.00181577
48 13 -0.00039692 -0.0023679
48 14 -0.000463279 -0.00301246
48 15 -0.000538677 -0.00376184
48 16 -0.000624586 -0.0046304
48 17 -0.000722315 -0.00563448
48 18 -0.000833118 -0.00679232
48 19 -0.000958165 -0.00812405
48 20 -0.00109863 -0.0096512
48 21 -0.00125531 -0.0113968
48 22 -0.00142889 -0.0133848
48 23 -0.0016197 -0.0156396
48 24 -0.00182758 -0.0181858
48 25 -0.00205186 -0.0210468
48 26 -0.00229129 -0.0242447
48 27 -0.00254381 -0.0277986
48 28 -0.00280658 -0.0317237
48 29 -0.00307566 -0.0360299
48 30 -0.00334628 -0.0407205
48 31 -0.00361245 -0.0457904
48 32 -0.00386715 -0.0512248
48 33 -0.00410207 -0.0569973
48 34 -0.00430783 -0.0630684
48 35 -0.00447379 -0.0693838
48 36 -0.00458821 -0.0758726
48 37 -0.00463819 -0.0824449
48 38 -0.00460933 -0.0889902
48 39 -0.00448512 -0.0953734
48 40 -0.00424436 -0.101429
48 41 -0.00385383 -0.106949
48 42 -0.00324697 -0.111649
48 43 -0.00226468 -0.115093
48 44 -0.000487495 -0.116484
48 45 0.00326122 -0.114103
48 46 0.0125352 -0.103705
48 47 0.0392541 -0.0736377
48 48 0.133986 0.00897532
48 49 0.5 0
49 0 0 0
49 1 0 0
49 2 0 0
49 3 0 0
49 4 0 0
49 5 0 0
49 6 0 0
49 7 0 0
49 8 0 0
49 9 0 0
49 10 0 0
49 11 0 0
49 12 0 0
49 13 0 0
49 14 0 0
49 15 0 0
49 16 0 0
49 17 0 0
49 18 0 0
49 19 0 0
49 20 0 0
49 21 0 0
49 22 0 0
49 23 0 0
49 24 0 0
49 25 0 0
49 26 0 0
49 27 0 0
49 28 0 0
49 29 0 0
49 30 0 0
49 31 0 0
49 32 0 0
49 33 0 0
49 34 0 0
49 35 0 0
49 36 0 0
49 37 0 0
49 38 0 0
49 39 0 0
49 40 0 0
49 41 0 0
49 42 0 0
49 43 0 0
49 44 0 0
49 45 0 0
49 46 0 0
49 47 0 0
49 48 0 0
49 49 0.5 0
